0
0
5
4
7
0
0
0
0
0
0
0
0
0
0
0
0
0
0
0
0
76
2
76
2
76
2
0
0
77
2
0
0
0
0
0
0
0
0
0
0
0
0
0
0
0
0
0
0
0
0
0
0
0
0
0
0
0
0
0
0
0
0
48
0
48
0
48
0
71
0
48
0
0
0
0
0
48
0
48
0
48
0
71
8
48
0
0
0
0
0
48
0
48
0
48
0
48
0
48
0
0
0
0
0
0
0
0
0
0
0
0
0
0
0
0
0
0
0
48
0
11
0
91
0
0
0
48
0
0
0
0
0
48
0
11
0
91
0
0
0
48
0
0
0
0
0
48
0
48
0
48
0
48
0
48
0
0
0
0
0
0
0
0
0
0
0
0
0
0
0
0
0
0
0
48
0
48
0
48
0
48
0
48
0
0
0
0
0
48
0
48
0
48
0
48
0
48
0
0
0
0
0
48
0
48
0
48
0
48
0
48
0
0
0
0
0
0
0
0
0
0
0
0
0
0
0
0
0
0
0
0
0
0
0
0
0
0
0
0
0
0
0
0
0
0
0
0
0
0
0
0
0
0
0
0
0
0
0
0
0
0
0
0
0
0
0
0
0
0
0
0
0
0
0
0
0
0
0
0
0
0
0
0
0
