0
-2
5
7
6
3
0
3
0
3
0
3
0
3
0
3
0
2
0
2
0
2
0
2
0
2
0
2
0
0
0
0
0
0
0
70
0
0
0
0
0
0
0
0
0
0
0
0
0
0
0
0
0
0
0
0
0
0
0
0
0
0
0
0
0
0
0
0
0
0
0
0
0
0
0
0
0
0
0
0
0
0
0
0
0
0
0
0
0
3
0
3
0
3
0
46
0
3
0
3
0
2
0
3
0
3
0
3
0
3
0
2
0
0
0
45
0
45
0
71
0
45
0
0
0
0
0
45
0
45
0
71
8
45
0
0
0
0
0
45
0
45
0
45
0
45
0
0
0
0
0
17
0
17
0
17
0
17
0
0
0
0
0
0
0
0
0
0
0
0
0
0
0
3
0
3
0
3
0
46
0
3
0
3
0
2
0
3
0
3
0
3
0
3
0
2
0
0
0
45
0
91
0
70
0
45
0
0
0
0
0
45
0
0
0
0
0
45
0
0
0
0
0
45
0
0
0
0
0
45
0
0
0
0
0
17
0
17
0
17
0
17
0
0
0
0
0
0
0
0
0
0
0
0
0
0
0
3
0
3
0
3
0
3
0
3
0
3
0
2
0
3
0
3
0
3
0
3
0
2
0
0
0
45
0
45
0
45
0
45
0
0
0
0
0
45
0
20
0
20
0
45
0
0
0
0
0
45
0
45
0
45
0
45
0
0
0
0
0
17
0
17
0
17
0
17
0
0
0
0
0
0
0
0
0
0
0
0
0
0
0
3
0
3
0
3
0
3
0
3
0
3
0
2
0
2
0
2
0
2
0
2
0
2
0
0
0
0
0
0
0
0
0
0
0
0
0
0
0
0
0
0
0
0
0
0
0
0
0
0
0
0
0
0
0
0
0
0
0
0
0
0
0
0
0
0
0
0
0
0
0
0
0
0
0
0
0
0
0
0
0
0
0
0
0
