0
-3
4
8
4
3
0
3
0
3
0
3
0
3
0
3
0
3
0
3
0
3
0
33
5
3
0
3
0
1
0
1
0
1
0
1
0
20
0
20
0
20
0
1
0
1
0
1
0
1
0
1
0
17
0
17
0
17
0
17
0
76
5
76
5
76
5
76
5
3
0
3
0
3
0
3
0
3
0
11
0
1
0
3
0
3
0
1
0
1
0
2
0
1
0
77
1
0
0
64
3
20
0
0
0
0
0
64
11
1
0
0
0
0
0
1
0
17
0
0
0
0
0
17
0
76
5
17
0
17
0
76
5
3
0
3
0
3
0
3
0
3
0
11
0
3
0
3
0
3
0
1
0
1
0
3
0
1
0
54
0
54
0
1
0
20
0
0
0
0
0
1
0
1
0
0
0
0
0
1
0
17
0
0
0
0
0
17
0
76
5
17
0
17
0
76
5
3
0
3
0
3
0
3
0
3
0
3
0
3
0
3
0
3
0
0
0
0
0
3
0
1
0
1
0
1
0
1
0
20
0
20
0
20
0
20
0
1
0
1
0
1
0
1
0
17
0
17
0
17
0
17
0
76
5
76
5
76
5
76
5
