0
0
7
6
6
0
0
70
0
0
0
0
0
0
0
0
0
0
0
0
0
0
0
0
0
0
0
0
0
0
0
0
0
0
0
0
0
0
0
0
0
0
0
0
0
0
0
0
0
0
0
0
0
0
0
0
0
0
0
0
0
0
0
0
0
0
0
0
0
0
0
0
0
0
0
0
0
1
0
71
0
1
0
1
0
1
0
0
0
1
0
71
8
1
0
1
0
1
0
0
0
1
0
1
0
1
0
1
0
1
0
0
0
1
0
1
0
1
0
1
0
1
0
0
0
1
0
1
0
1
0
1
0
1
0
0
0
0
0
0
0
0
0
0
0
0
0
0
0
1
0
0
0
1
0
1
0
1
0
0
0
20
0
0
0
1
0
4
0
1
0
0
0
1
0
1
0
33
2
1
0
1
0
0
0
1
0
11
0
1
0
55
0
1
0
0
0
1
0
1
0
1
0
1
0
1
0
0
0
0
0
0
0
0
0
0
0
0
0
0
0
1
0
0
0
1
0
1
0
1
0
0
0
20
0
0
0
1
0
1
0
1
0
0
0
1
0
1
0
1
0
55
0
1
0
0
0
1
0
11
0
1
0
0
0
1
0
0
0
1
0
1
0
1
0
1
0
1
0
0
0
0
0
0
0
0
0
0
0
0
0
0
0
1
0
0
0
1
0
1
0
1
0
0
0
1
0
50
4
1
0
1
0
1
0
0
0
1
0
1
0
1
0
55
0
1
0
0
0
1
0
11
0
1
0
0
0
1
0
0
0
1
0
1
0
1
0
1
0
1
0
0
0
0
0
0
0
0
0
0
0
0
0
0
0
1
0
0
0
1
0
1
0
1
0
0
0
1
0
77
4
1
0
55
0
1
0
0
0
1
0
1
0
0
0
0
0
1
0
0
0
1
0
11
0
1
0
0
0
1
0
0
0
1
0
1
0
1
0
1
0
1
0
0
0
0
0
0
0
0
0
0
0
0
0
0
0
1
0
1
0
1
0
1
0
1
0
0
0
1
0
1
0
1
0
1
0
1
0
0
0
1
0
1
0
1
0
1
0
1
0
0
0
1
0
1
0
1
0
1
0
1
0
0
0
1
0
1
0
1
0
1
0
1
0
0
0
0
0
0
0
0
0
0
0
0
0
0
0
