0
-3
6
11
5
3
0
3
0
3
0
3
0
3
0
3
0
3
0
3
0
3
0
3
0
3
0
3
0
3
0
2
0
2
0
2
0
2
0
2
0
78
0
0
0
0
0
0
0
0
0
0
0
0
0
0
0
0
0
0
0
0
0
0
0
0
0
0
0
0
0
0
0
0
0
0
0
0
0
0
0
0
0
0
0
0
0
0
0
0
0
0
0
0
0
0
0
0
0
0
0
0
0
0
0
0
0
0
0
0
0
0
0
0
0
3
0
3
0
3
0
3
0
3
0
3
0
2
0
3
0
3
0
3
0
3
0
55
14
2
0
3
0
2
0
2
0
0
0
55
15
2
0
0
0
0
0
2
0
2
0
0
0
0
0
18
0
18
0
18
0
18
0
0
0
0
0
18
0
18
0
18
0
18
0
0
0
0
0
0
0
0
0
0
0
0
0
0
0
0
0
0
0
0
0
0
0
0
0
0
0
0
0
0
0
0
0
0
0
0
0
0
0
0
0
3
0
2
0
2
0
3
0
3
0
3
0
55
13
55
12
3
0
3
0
3
0
0
0
0
0
3
0
2
0
2
0
0
0
76
2
2
0
0
0
0
0
2
0
2
0
0
0
0
0
18
0
18
0
18
0
18
0
18
0
18
0
18
0
18
0
18
0
18
0
0
0
18
0
18
0
18
0
0
0
0
0
0
0
18
0
0
0
0
0
0
0
0
0
0
0
0
0
0
0
0
0
0
0
0
0
0
0
0
0
3
0
3
0
3
0
3
0
3
0
3
0
3
0
2
0
3
0
3
0
3
0
3
0
55
11
2
0
2
0
2
0
2
0
17
0
0
0
0
0
0
0
0
0
17
0
0
0
0
0
18
0
18
0
17
0
18
0
18
0
18
0
18
0
17
0
18
0
18
0
0
0
18
0
17
0
18
0
0
0
0
0
18
0
18
0
18
0
0
0
0
0
0
0
0
0
0
0
0
0
0
0
0
0
0
0
0
0
0
0
3
0
3
0
3
0
3
0
3
0
3
0
46
0
75
1
46
0
3
0
2
0
2
0
2
0
2
0
2
0
0
0
0
0
0
0
0
0
0
0
0
0
0
0
0
0
0
0
0
0
18
0
18
0
18
0
18
0
18
0
18
0
18
0
18
0
18
0
18
0
0
0
18
0
18
0
0
0
0
0
0
0
0
0
18
0
0
0
0
0
0
0
0
0
0
0
0
0
0
0
0
0
0
0
0
0
0
0
0
0
3
0
3
0
3
0
3
0
3
0
3
0
46
0
46
0
46
0
3
0
2
0
2
0
2
0
2
0
2
0
0
0
0
0
0
0
0
0
0
0
0
0
0
0
0
0
0
0
0
0
18
0
18
0
18
0
18
0
0
0
0
0
18
0
18
0
18
0
0
0
0
0
0
0
0
0
0
0
0
0
0
0
0
0
0
0
0
0
0
0
0
0
0
0
0
0
0
0
0
0
0
0
0
0
0
0
0
0
0
0
