0
0
6
4
6
50
5
50
5
50
5
50
5
50
5
50
5
0
0
0
0
0
0
0
0
0
0
0
0
0
0
0
0
0
0
0
0
0
0
0
0
0
0
0
0
0
0
0
0
0
0
0
0
50
5
0
0
0
0
0
0
0
0
50
5
0
0
0
0
0
0
0
0
0
0
0
0
0
0
0
0
0
0
0
0
0
0
0
0
0
0
0
0
0
0
0
0
0
0
0
0
50
5
0
0
20
0
20
0
0
0
50
5
0
0
0
0
35
14
35
14
0
0
0
0
0
0
0
0
76
5
76
5
0
0
0
0
0
0
0
0
0
0
0
0
0
0
0
0
50
5
0
0
20
0
20
0
0
0
50
5
0
0
0
0
35
14
35
14
0
0
0
0
0
0
0
0
76
5
76
5
0
0
0
0
0
0
0
0
0
0
0
0
0
0
0
0
50
5
0
0
0
0
0
0
0
0
50
5
0
0
0
0
0
0
0
0
0
0
0
0
0
0
0
0
0
0
0
0
0
0
0
0
0
0
0
0
0
0
0
0
0
0
0
0
50
5
50
5
50
5
50
5
50
5
50
5
0
0
0
0
0
0
0
0
0
0
0
0
0
0
0
0
0
0
0
0
0
0
0
0
0
0
0
0
0
0
0
0
0
0
0
0
