1
-4
18
4
2
3
0
3
0
3
0
3
0
2
0
3
0
0
0
2
0
3
0
3
0
2
0
3
0
0
0
3
0
0
0
2
0
2
0
3
0
0
0
3
0
0
0
3
0
0
0
2
0
2
0
3
0
0
0
3
0
76
4
3
0
2
0
2
0
3
0
3
0
40
0
3
0
0
0
3
0
2
0
2
0
2
0
3
0
40
0
3
0
76
4
3
0
2
0
2
0
2
0
3
0
40
0
3
0
0
0
3
0
2
0
2
0
2
0
3
0
40
0
3
0
76
4
3
0
2
0
2
0
2
0
3
0
40
0
3
0
0
0
3
0
2
0
2
0
2
0
3
0
40
0
3
0
76
4
3
0
2
0
2
0
3
0
3
0
40
0
3
0
0
0
3
0
2
0
2
0
2
0
3
0
40
0
3
0
76
4
3
0
2
0
2
0
2
0
3
0
40
0
3
0
0
0
3
0
2
0
2
0
3
0
3
0
40
0
3
0
76
4
3
0
2
0
2
0
2
0
3
0
40
0
3
0
0
0
3
0
2
0
2
0
2
0
3
0
0
0
3
0
76
4
3
0
2
0
2
0
2
0
3
0
0
0
3
0
0
0
3
0
2
0
2
0
3
0
2
0
30
0
0
0
0
0
0
0
2
0
3
0
