1
-4
21
4
3
3
0
3
0
3
0
3
0
3
0
3
0
3
0
3
0
3
0
0
0
2
0
2
0
3
0
3
0
3
0
3
0
3
0
3
0
0
0
3
0
3
0
0
0
2
0
2
0
3
0
3
0
3
0
0
0
3
0
3
0
0
0
3
0
3
0
0
0
2
0
2
0
3
0
3
0
3
0
0
0
3
0
3
0
76
4
3
0
3
0
2
0
2
0
2
0
3
0
3
0
3
0
0
0
3
0
3
0
0
0
3
0
3
0
2
0
2
0
2
0
3
0
3
0
3
0
0
0
3
0
3
0
76
4
3
0
3
0
2
0
2
0
2
0
3
0
3
0
3
0
0
0
3
0
3
0
0
0
3
0
3
0
2
0
2
0
2
0
3
0
3
0
3
0
0
0
3
0
3
0
76
4
3
0
3
0
2
0
2
0
2
0
3
0
3
0
3
0
0
0
3
0
3
0
0
0
3
0
3
0
2
0
2
0
2
0
3
0
3
0
3
0
0
0
3
0
3
0
76
4
3
0
3
0
2
0
2
0
2
0
3
0
3
0
3
0
0
0
3
0
3
0
0
0
3
0
3
0
2
0
2
0
2
0
3
0
3
0
3
0
0
0
3
0
3
0
76
4
3
0
3
0
2
0
2
0
2
0
3
0
3
0
3
0
0
0
3
0
3
0
0
0
3
0
3
0
2
0
2
0
2
0
3
0
3
0
3
0
0
0
3
0
3
0
76
4
3
0
3
0
2
0
2
0
2
0
3
0
3
0
3
0
0
0
3
0
3
0
0
0
3
0
3
0
2
0
2
0
2
0
3
0
3
0
3
0
0
0
3
0
3
0
76
4
3
0
3
0
2
0
2
0
2
0
3
0
3
0
3
0
0
0
3
0
3
0
0
0
3
0
3
0
2
0
2
0
2
0
3
0
3
0
3
0
0
0
3
0
3
0
76
4
3
0
3
0
2
0
2
0
2
0
3
0
3
0
3
0
0
0
3
0
3
0
0
0
3
0
3
0
2
0
2
0
2
0
3
0
3
0
3
0
0
0
3
0
3
0
76
4
3
0
3
0
2
0
2
0
2
0
3
0
3
0
3
0
0
0
56
0
11
0
0
0
56
0
11
0
3
0
2
0
2
0
